head <class 'dict'> {'transl': tensor([[0.0893, 0.1580, 0.1138],
        [0.0893, 0.1580, 0.1138],
        [0.0893, 0.1581, 0.1138],
        ...,
        [0.0953, 0.1637, 0.1185],
        [0.0951, 0.1640, 0.1186],
        [0.0952, 0.1581, 0.1166]]), 'global_orient': tensor([[-0.9553,  1.2168,  1.1131],
        [-0.9554,  1.2168,  1.1131],
        [-0.9556,  1.2169,  1.1130],
        ...,
        [-0.9609,  1.2295,  1.1277],
        [-0.9613,  1.2305,  1.1270],
        [-0.9364,  1.2277,  1.0975]]), 'shape_params': tensor([[ 2.0152, -0.8960, -2.0895,  ..., -0.0384,  0.1160, -0.0684],
        [ 2.0152, -0.8960, -2.0895,  ..., -0.0384,  0.1160, -0.0684],
        [ 2.0152, -0.8960, -2.0895,  ..., -0.0384,  0.1160, -0.0684],
        ...,
        [ 2.0152, -0.8960, -2.0895,  ..., -0.0384,  0.1160, -0.0684],
        [ 2.0152, -0.8960, -2.0895,  ..., -0.0384,  0.1160, -0.0684],
        [ 2.0152, -0.8960, -2.0895,  ..., -0.0384,  0.1160, -0.0684]]), 'pose_params': tensor([[-0.1294,  0.0662,  0.0077,  0.0478, -0.0031, -0.0157],
        [-0.1294,  0.0662,  0.0077,  0.0476, -0.0027, -0.0164],
        [-0.1294,  0.0662,  0.0077,  0.0474, -0.0020, -0.0174],
        ...,
        [-0.1288,  0.0659,  0.0100,  0.0909, -0.0068, -0.0036],
        [-0.1288,  0.0661,  0.0097,  0.0929, -0.0070, -0.0029],
        [-0.1276,  0.0664,  0.0078,  0.1057, -0.0062, -0.0070]]), 'expression_params': tensor([[ 0.1139,  0.3570, -0.1663,  ..., -0.0143, -0.0159,  0.0149],
        [ 0.1134,  0.3596, -0.1660,  ..., -0.0147, -0.0162,  0.0151],
        [ 0.1127,  0.3638, -0.1651,  ..., -0.0151, -0.0165,  0.0153],
        ...,
        [ 1.3799,  0.3152, -0.0826,  ..., -0.0066, -0.0328,  0.0268],
        [ 1.3954,  0.3075, -0.0791,  ..., -0.0067, -0.0332,  0.0272],
        [ 1.4018,  0.4174, -0.0702,  ..., -0.0328, -0.0487, -0.0015]])}
right_hand <class 'dict'> {'betas': tensor([[ 0.3688, -0.6344, -0.1229,  ...,  0.1608, -0.0841,  0.0350],
        [ 0.3688, -0.6344, -0.1229,  ...,  0.1608, -0.0841,  0.0350],
        [ 0.3688, -0.6344, -0.1229,  ...,  0.1608, -0.0841,  0.0350],
        ...,
        [ 0.3688, -0.6344, -0.1229,  ...,  0.1608, -0.0841,  0.0350],
        [ 0.3688, -0.6344, -0.1229,  ...,  0.1608, -0.0841,  0.0350],
        [ 0.3688, -0.6344, -0.1229,  ...,  0.1608, -0.0841,  0.0350]]), 'global_orient': tensor([[ 2.8372, -0.4739,  0.4202],
        [ 2.8374, -0.4738,  0.4195],
        [ 2.8377, -0.4739,  0.4183],
        ...,
        [ 2.8619, -0.3562,  0.8392],
        [ 2.8631, -0.3565,  0.8348],
        [ 2.8474, -0.5488,  0.5796]]), 'hand_pose': tensor([[-7.0684e-02,  2.4740e-01, -3.9991e-01,  ...,  8.0703e-06,
          9.8420e-02,  1.1044e-05],
        [-7.3803e-02,  2.4827e-01, -3.9562e-01,  ...,  8.2929e-06,
          9.8687e-02,  1.1133e-05],
        [-7.8407e-02,  2.4958e-01, -3.8948e-01,  ...,  8.6477e-06,
          9.9060e-02,  1.1304e-05],
        ...,
        [-4.5001e-01,  7.0314e-02, -2.5059e-01,  ..., -5.8069e-06,
          9.5215e-02, -7.7750e-06],
        [-4.5001e-01,  7.3039e-02, -2.5565e-01,  ..., -5.9070e-06,
          9.5236e-02, -7.8850e-06],
        [-1.3328e-06,  1.6178e-01, -6.0421e-01,  ..., -1.1091e-05,
          9.2515e-02, -5.6813e-06]]), 'transl': tensor([[0.1787, 0.2075, 0.2462],
        [0.1786, 0.2075, 0.2462],
        [0.1786, 0.2076, 0.2462],
        ...,
        [0.0957, 0.2080, 0.2541],
        [0.0958, 0.2082, 0.2543],
        [0.1650, 0.1980, 0.2460]])}
extrinsic <class 'list'> [[-0.023366240170691638, 0.34873611331656496, -0.9369296356125907, 0.010026354702460086], [0.999555989106617, 0.02548184695582289, -0.015443448993431677, -0.08669099666179297], [0.01848900920488287, -0.9368744839862899, -0.3491766856392992, 0.9397088482357387], [0.0, 0.0, 0.0, 1.0]]
intrinsic <class 'list'> [[1296.3163, 0.0, 966.6542], [0.0, 1296.3163, 540.5983], [0.0, 0.0, 1.0]]
